time            Cj              Ck              shCj            shCk            Br              shBr           
0.000000000e+00 1.000000000e+01 1.000000000e-05 0.000000000e+00 0.000000000e+00 1.000000000e+01 1.000000000e+01
2.164328657e+01 8.577790077e+00 3.054613720e-03 1.423362821e-05 1.388005987e-03 9.983693728e+00 9.999948695e+00
4.328657315e+01 7.632013347e+00 6.229342643e-03 1.019527575e-04 2.474884073e-03 9.942798282e+00 9.999734602e+00
6.492985972e+01 7.003486486e+00 1.051277840e-02 2.813361565e-04 3.534294622e-03 9.886253017e+00 9.999340430e+00
8.657314629e+01 6.585970239e+00 1.682554850e-02 5.518274993e-04 4.596409374e-03 9.819933411e+00 9.998755476e+00
1.082164329e+02 6.308745290e+00 2.585677316e-02 9.130591759e-04 5.672043225e-03 9.747656766e+00 9.997965761e+00
1.298597194e+02 6.124806833e+00 3.802833419e-02 1.365782964e-03 6.769044089e-03 9.671876748e+00 9.996955461e+00
1.515030060e+02 6.002937898e+00 5.352241085e-02 1.911541400e-03 7.894761997e-03 9.594152468e+00 9.995707362e+00
1.731462926e+02 5.922415307e+00 7.233234055e-02 2.552526659e-03 9.056540109e-03 9.515460856e+00 9.994202895e+00
1.947895792e+02 5.869484237e+00 9.431651142e-02 3.291556961e-03 1.026183331e-02 9.436402785e+00 9.992422061e+00
2.164328657e+02 5.835014989e+00 1.192460208e-01 4.132075692e-03 1.151826436e-02 9.357338169e+00 9.990343326e+00
2.380761523e+02 5.812946961e+00 1.468428402e-01 5.078151811e-03 1.283368506e-02 9.278474054e+00 9.987943514e+00
2.597194389e+02 5.799255560e+00 1.768082827e-01 6.134524156e-03 1.421618519e-02 9.199921788e+00 9.985197684e+00
2.813627255e+02 5.791266918e+00 2.088429727e-01 7.306573520e-03 1.567420570e-02 9.121733914e+00 9.982079005e+00
3.030060120e+02 5.787203210e+00 2.426599391e-01 8.600387256e-03 1.721652656e-02 9.043927830e+00 9.978558618e+00
3.246492986e+02 5.785880764e+00 2.779924785e-01 1.002276270e-02 1.885235198e-02 8.966500839e+00 9.974605494e+00
3.462925852e+02 5.786510442e+00 3.145982747e-01 1.158124387e-02 2.059135191e-02 8.889439586e+00 9.970186282e+00
3.679358717e+02 5.788564960e+00 3.522608518e-01 1.328415126e-02 2.244372014e-02 8.812725888e+00 9.965265144e+00
3.895791583e+02 5.791689485e+00 3.907893540e-01 1.514062659e-02 2.442021312e-02 8.736340311e+00 9.959803591e+00
4.112224449e+02 5.795645480e+00 4.300171883e-01 1.716065948e-02 2.653223924e-02 8.660264105e+00 9.953760298e+00
4.328657315e+02 5.800270474e+00 4.698001227e-01 1.935514349e-02 2.879188625e-02 8.584480362e+00 9.947090918e+00
4.545090180e+02 5.805452961e+00 5.100141247e-01 2.173592276e-02 3.121199364e-02 8.508974518e+00 9.939747884e+00
4.761523046e+02 5.811115158e+00 5.505530493e-01 2.431582655e-02 3.380623371e-02 8.433734516e+00 9.931680200e+00
4.977955912e+02 5.817201877e+00 5.913264759e-01 2.710877022e-02 3.658911841e-02 8.358750761e+00 9.922833231e+00
5.194388778e+02 5.823672972e+00 6.322576272e-01 3.012973608e-02 3.957616737e-02 8.284015958e+00 9.913148471e+00
5.410821643e+02 5.830498418e+00 6.732815189e-01 3.339491194e-02 4.278387886e-02 8.209524900e+00 9.902563316e+00
5.627254509e+02 5.837654990e+00 7.143432756e-01 3.692171149e-02 4.622985813e-02 8.135274234e+00 9.891010829e+00
5.843687375e+02 5.845124081e+00 7.553966558e-01 4.072885422e-02 4.993287402e-02 8.061262221e+00 9.878419497e+00
6.060120240e+02 5.852890252e+00 7.964027986e-01 4.483644080e-02 5.391295072e-02 7.987488524e+00 9.864712968e+00
6.276553106e+02 5.860940234e+00 8.373290603e-01 4.926599486e-02 5.819143006e-02 7.913953992e+00 9.849809825e+00
6.492985972e+02 5.869262298e+00 8.781480824e-01 5.404059689e-02 6.279105418e-02 7.840660479e+00 9.833623326e+00
6.709418838e+02 5.877845820e+00 9.188369872e-01 5.918489480e-02 6.773605085e-02 7.767610688e+00 9.816061138e+00
6.925851703e+02 5.886680971e+00 9.593766444e-01 6.472521941e-02 7.305223219e-02 7.694808021e+00 9.797025145e+00
7.142284569e+02 5.895758534e+00 9.997511133e-01 7.068963992e-02 7.876705320e-02 7.622256460e+00 9.776411169e+00
7.358717435e+02 5.905069755e+00 1.039947114e+00 7.710803350e-02 8.490969052e-02 7.549960458e+00 9.754108800e+00
7.575150301e+02 5.914606256e+00 1.079953638e+00 8.401222034e-02 9.151116252e-02 7.477924854e+00 9.730001142e+00
7.791583166e+02 5.924359960e+00 1.119761542e+00 9.143590404e-02 9.860434335e-02 7.406154783e+00 9.703964709e+00
8.008016032e+02 5.934323051e+00 1.159363276e+00 9.941484701e-02 1.062240847e-01 7.334655621e+00 9.675869258e+00
8.224448898e+02 5.944487934e+00 1.198752619e+00 1.079868785e-01 1.144072641e-01 7.263432920e+00 9.645577703e+00
8.440881764e+02 5.954847215e+00 1.237924464e+00 1.171919349e-01 1.231928440e-01 7.192492362e+00 9.612946064e+00
8.657314629e+02 5.965393677e+00 1.276874639e+00 1.270721132e-01 1.326219153e-01 7.121839721e+00 9.577823503e+00
8.873747495e+02 5.976120266e+00 1.315599751e+00 1.376716597e-01 1.427377441e-01 7.051480821e+00 9.540052406e+00
9.090180361e+02 5.987020081e+00 1.354097057e+00 1.490369915e-01 1.535857835e-01 6.981421513e+00 9.499468564e+00
9.306613226e+02 5.998086365e+00 1.392364363e+00 1.612166783e-01 1.652136654e-01 6.911667645e+00 9.455901430e+00
9.523046092e+02 6.009312494e+00 1.430399925e+00 1.742613499e-01 1.776712157e-01 6.842225044e+00 9.409174526e+00
9.739478958e+02 6.020691972e+00 1.468202378e+00 1.882236957e-01 1.910103662e-01 6.773099494e+00 9.359105939e+00
9.955911824e+02 6.032218430e+00 1.505770670e+00 2.031582912e-01 2.052851044e-01 6.704296725e+00 9.305508985e+00
1.017234469e+03 6.043885613e+00 1.543104007e+00 2.191214770e-01 2.205513551e-01 6.635822395e+00 9.248193028e+00
1.038877756e+03 6.055687384e+00 1.580201814e+00 2.361711634e-01 2.368668394e-01 6.567682082e+00 9.186964443e+00
1.060521042e+03 6.067617718e+00 1.617063691e+00 2.543665971e-01 2.542908774e-01 6.499881273e+00 9.121627804e+00
1.082164329e+03 6.079670696e+00 1.653689384e+00 2.737680686e-01 2.728841510e-01 6.432425356e+00 9.051987268e+00
1.103807615e+03 6.091840508e+00 1.690078758e+00 2.944365608e-01 2.927084083e-01 6.365319615e+00 8.977848162e+00
1.125450902e+03 6.104121445e+00 1.726231776e+00 3.164333421e-01 3.138261124e-01 6.298569219e+00 8.899018808e+00
1.147094188e+03 6.116507903e+00 1.762148480e+00 3.398194914e-01 3.363000271e-01 6.232179224e+00 8.815312573e+00
1.168737475e+03 6.128994377e+00 1.797828976e+00 3.646553520e-01 3.601927357e-01 6.166154564e+00 8.726550150e+00
1.190380762e+03 6.141575459e+00 1.833273422e+00 3.909999124e-01 3.855660855e-01 6.100500046e+00 8.632562075e+00
1.212024048e+03 6.154245841e+00 1.868482015e+00 4.189101303e-01 4.124805746e-01 6.035220354e+00 8.533191454e+00
1.233667335e+03 6.167000310e+00 1.903454987e+00 4.484401562e-01 4.409946418e-01 5.970320037e+00 8.428296905e+00
1.255310621e+03 6.179833747e+00 1.938192593e+00 4.796404978e-01 4.711638881e-01 5.905803514e+00 8.317755651e+00
1.276953908e+03 6.192741128e+00 1.972695109e+00 5.125571889e-01 5.030402984e-01 5.841675072e+00 8.201466748e+00
1.298597194e+03 6.205717522e+00 2.006962828e+00 5.472307314e-01 5.366712212e-01 5.777938859e+00 8.079354429e+00
1.320240481e+03 6.218758088e+00 2.040996050e+00 5.836951993e-01 5.720985505e-01 5.714598889e+00 7.951371433e+00
1.341883768e+03 6.231858080e+00 2.074795088e+00 6.219772017e-01 6.093576047e-01 5.651659036e+00 7.817502330e+00
1.363527054e+03 6.245012839e+00 2.108360259e+00 6.620947007e-01 6.484760933e-01 5.589123038e+00 7.677766853e+00
1.385170341e+03 6.258217797e+00 2.141691885e+00 7.040561643e-01 6.894731262e-01 5.526994493e+00 7.532222665e+00
1.406813627e+03 6.271468475e+00 2.174790292e+00 7.478594937e-01 7.323581552e-01 5.465276861e+00 7.380968157e+00
1.428456914e+03 6.284760483e+00 2.207655808e+00 7.934909627e-01 7.771298545e-01 5.403973462e+00 7.224144754e+00
1.450100200e+03 6.298089518e+00 2.240288765e+00 8.409245405e-01 8.237753112e-01 5.343087476e+00 7.061938647e+00
1.471743487e+03 6.311451363e+00 2.272689495e+00 8.901209753e-01 8.722690173e-01 5.282621948e+00 6.894582016e+00
1.493386774e+03 6.324841888e+00 2.304858331e+00 9.410272602e-01 9.225721747e-01 5.222579780e+00 6.722353462e+00
1.515030060e+03 6.338257050e+00 2.336795610e+00 9.935761621e-01 9.746320196e-01 5.162963739e+00 6.545577881e+00
1.536673347e+03 6.351692889e+00 2.368501671e+00 1.047686016e+00 1.028381424e+00 5.103776454e+00 6.364625243e+00
1.558316633e+03 6.365145531e+00 2.399976853e+00 1.103260675e+00 1.083738621e+00 5.045020415e+00 6.179908647e+00
1.579959920e+03 6.378611186e+00 2.431221502e+00 1.160189821e+00 1.140607211e+00 4.986697977e+00 5.991881576e+00
1.601603206e+03 6.392086145e+00 2.462235963e+00 1.218349420e+00 1.198876396e+00 4.928811362e+00 5.801034084e+00
1.623246493e+03 6.405566785e+00 2.493020590e+00 1.277602456e+00 1.258421431e+00 4.871362655e+00 5.607888333e+00
1.644889780e+03 6.419049561e+00 2.523575737e+00 1.337800145e+00 1.319104508e+00 4.814353807e+00 5.412993297e+00
1.666533066e+03 6.432531012e+00 2.553901767e+00 1.398783002e+00 1.380775651e+00 4.757786639e+00 5.216918827e+00
1.688176353e+03 6.446007758e+00 2.583999047e+00 1.460382589e+00 1.443274131e+00 4.701662840e+00 5.020249208e+00
1.709819639e+03 6.459476496e+00 2.613867951e+00 1.522423152e+00 1.506429950e+00 4.645983968e+00 4.823576346e+00
1.731462926e+03 6.472934006e+00 2.643508863e+00 1.584723622e+00 1.570065620e+00 4.590751455e+00 4.627492772e+00
1.753106212e+03 6.486377144e+00 2.672922171e+00 1.647099633e+00 1.633998076e+00 4.535966602e+00 4.432584593e+00
1.774749499e+03 6.499802844e+00 2.702108275e+00 1.709365689e+00 1.698040750e+00 4.481630588e+00 4.239424591e+00
1.796392786e+03 6.513208118e+00 2.731067584e+00 1.771337342e+00 1.762005726e+00 4.427744464e+00 4.048565661e+00
1.818036072e+03 6.526590056e+00 2.759800515e+00 1.832833349e+00 1.825705924e+00 4.374309162e+00 3.860534694e+00
1.839679359e+03 6.539945820e+00 2.788307497e+00 1.893677797e+00 1.888957303e+00 4.321325489e+00 3.675827052e+00
1.861322645e+03 6.553272650e+00 2.816588973e+00 1.953701849e+00 1.951580798e+00 4.268794135e+00 3.494901987e+00
1.882965932e+03 6.566567860e+00 2.844645393e+00 2.012745919e+00 2.013404588e+00 4.216715670e+00 3.318178451e+00
1.904609218e+03 6.579828836e+00 2.872477223e+00 2.070660789e+00 2.074265543e+00 4.165090550e+00 3.146032215e+00
1.926252505e+03 6.593053038e+00 2.900084940e+00 2.127309361e+00 2.134011185e+00 4.113919115e+00 2.978793601e+00
1.947895792e+03 6.606237997e+00 2.927469037e+00 2.182567530e+00 2.192500861e+00 4.063201591e+00 2.816745991e+00
1.969539078e+03 6.619381316e+00 2.954630017e+00 2.236325020e+00 2.249606909e+00 4.012938096e+00 2.660125668e+00
1.991182365e+03 6.632480669e+00 2.981568402e+00 2.288485834e+00 2.305215399e+00 3.963128636e+00 2.509122050e+00
2.012825651e+03 6.645533798e+00 3.008284725e+00 2.338968788e+00 2.359226970e+00 3.913773111e+00 2.363878668e+00
2.034468938e+03 6.658538514e+00 3.034779536e+00 2.387707278e+00 2.411556904e+00 3.864871316e+00 2.224495063e+00
2.056112224e+03 6.671492696e+00 3.061053400e+00 2.434649114e+00 2.462135230e+00 3.816422942e+00 2.091028964e+00
2.077755511e+03 6.684394292e+00 3.087106898e+00 2.479756173e+00 2.510906594e+00 3.768427578e+00 1.963498912e+00
2.099398798e+03 6.697241313e+00 3.112940627e+00 2.523003886e+00 2.557830038e+00 3.720884715e+00 1.841887131e+00
2.121042084e+03 6.710031838e+00 3.138555199e+00 2.564380020e+00 2.602877872e+00 3.673793745e+00 1.726143402e+00
2.142685371e+03 6.722764008e+00 3.163951246e+00 2.603884326e+00 2.646035517e+00 3.627153964e+00 1.616187800e+00
2.164328657e+03 6.735436030e+00 3.189129413e+00 2.641527355e+00 2.687300432e+00 3.580964576e+00 1.511914454e+00
2.185971944e+03 6.748046172e+00 3.214090364e+00 2.677329326e+00 2.726681023e+00 3.535224693e+00 1.413194985e+00
2.207615230e+03 6.760592765e+00 3.238834780e+00 2.711319237e+00 2.764195843e+00 3.489933336e+00 1.319881871e+00
2.229258517e+03 6.773074200e+00 3.263363359e+00 2.743533679e+00 2.799872380e+00 3.445089442e+00 1.231811685e+00
2.250901804e+03 6.785488929e+00 3.287676816e+00 2.774015848e+00 2.833746038e+00 3.400691858e+00 1.148808089e+00
2.272545090e+03 6.797835462e+00 3.311775884e+00 2.802814414e+00 2.865859047e+00 3.356739351e+00 1.070684820e+00
2.294188377e+03 6.810112369e+00 3.335661312e+00 2.829982636e+00 2.896259443e+00 3.313230605e+00 9.972482250e-01
2.315831663e+03 6.822318276e+00 3.359333869e+00 2.855577420e+00 2.925000060e+00 3.270164225e+00 9.282997279e-01
2.337474950e+03 6.834451865e+00 3.382794339e+00 2.879658400e+00 2.952137584e+00 3.227538741e+00 8.636379097e-01
2.359118236e+03 6.846511875e+00 3.406043524e+00 2.902287190e+00 2.977731674e+00 3.185352603e+00 8.030604469e-01
2.380761523e+03 6.858497098e+00 3.429082245e+00 2.923526745e+00 3.001844203e+00 3.143604193e+00 7.463657582e-01
2.402404810e+03 6.870406381e+00 3.451911338e+00 2.943440544e+00 3.024538421e+00 3.102291818e+00 6.933544750e-01
2.424048096e+03 6.882238623e+00 3.474531658e+00 2.962092150e+00 3.045878355e+00 3.061413717e+00 6.438306464e-01
2.445691383e+03 6.893992775e+00 3.496944075e+00 2.979544760e+00 3.065928271e+00 3.020968065e+00 5.976027116e-01
2.467334669e+03 6.905667840e+00 3.519149479e+00 2.995860872e+00 3.084752254e+00 2.980952967e+00 5.544843671e-01
2.488977956e+03 6.917262868e+00 3.541148773e+00 3.011101336e+00 3.102413255e+00 2.941366468e+00 5.142952660e-01
2.510621242e+03 6.928776962e+00 3.562942881e+00 3.025325905e+00 3.118973427e+00 2.902206552e+00 4.768614904e-01
2.532264529e+03 6.940209269e+00 3.584532739e+00 3.038592457e+00 3.134493364e+00 2.863471142e+00 4.420159422e-01
2.553907816e+03 6.951558987e+00 3.605919303e+00 3.050956963e+00 3.149031978e+00 2.825158106e+00 4.095985824e-01
2.575551102e+03 6.962825359e+00 3.627103543e+00 3.062473325e+00 3.162646286e+00 2.787265255e+00 3.794566146e-01
2.597194389e+03 6.974007672e+00 3.648086446e+00 3.073193264e+00 3.175391240e+00 2.749790348e+00 3.514445478e-01
2.618837675e+03 6.985105258e+00 3.668869013e+00 3.083166265e+00 3.187319629e+00 2.712731092e+00 3.254241738e-01
2.640480962e+03 6.996117494e+00 3.689452262e+00 3.092439571e+00 3.198482023e+00 2.676085145e+00 3.012645310e-01
2.662124248e+03 7.007043799e+00 3.709837225e+00 3.101058047e+00 3.208926634e+00 2.639850117e+00 2.788417444e-01
2.683767535e+03 7.017883633e+00 3.730024949e+00 3.109064310e+00 3.218699383e+00 2.604023573e+00 2.580388869e-01
2.705410822e+03 7.028636498e+00 3.750016496e+00 3.116498802e+00 3.227843949e+00 2.568603034e+00 2.387457840e-01
2.727054108e+03 7.039301934e+00 3.769812942e+00 3.123399652e+00 3.236401646e+00 2.533585977e+00 2.208587765e-01
2.748697395e+03 7.049879522e+00 3.789415376e+00 3.129802859e+00 3.244411559e+00 2.498969842e+00 2.042804797e-01
2.770340681e+03 7.060368881e+00 3.808824901e+00 3.135742345e+00 3.251910595e+00 2.464752028e+00 1.889195342e-01
2.791983968e+03 7.070769666e+00 3.828042635e+00 3.141250000e+00 3.258933520e+00 2.430929897e+00 1.746903277e-01
2.813627255e+03 7.081081570e+00 3.847069707e+00 3.146355771e+00 3.265513038e+00 2.397500779e+00 1.615127518e-01
2.835270541e+03 7.091304321e+00 3.865907258e+00 3.151087745e+00 3.271679873e+00 2.364461966e+00 1.493118846e-01
2.856913828e+03 7.101437681e+00 3.884556442e+00 3.155472243e+00 3.277462857e+00 2.331810722e+00 1.380177281e-01
2.878557114e+03 7.111481446e+00 3.903018427e+00 3.159533884e+00 3.282888997e+00 2.299544280e+00 1.275649714e-01
2.900200401e+03 7.121435447e+00 3.921294388e+00 3.163295690e+00 3.287983575e+00 2.267659844e+00 1.178927250e-01
2.921843687e+03 7.131299545e+00 3.939385516e+00 3.166779148e+00 3.292770220e+00 2.236154591e+00 1.089442499e-01
2.943486974e+03 7.141073632e+00 3.957293008e+00 3.170004312e+00 3.297271005e+00 2.205025673e+00 1.006667082e-01
2.965130261e+03 7.150757633e+00 3.975018075e+00 3.172989885e+00 3.301506534e+00 2.174270219e+00 9.301092984e-02
2.986773547e+03 7.160351501e+00 3.992561937e+00 3.175753287e+00 3.305496013e+00 2.143885334e+00 8.593118948e-02
3.008416834e+03 7.169855217e+00 4.009925823e+00 3.178310738e+00 3.309257342e+00 2.113868103e+00 7.938498841e-02
3.030060120e+03 7.179268793e+00 4.027110971e+00 3.180677327e+00 3.312807184e+00 2.084215593e+00 7.333284522e-02
3.051703407e+03 7.188592266e+00 4.044118629e+00 3.182867088e+00 3.316161043e+00 2.054924850e+00 6.773809960e-02
3.073346693e+03 7.197825701e+00 4.060950053e+00 3.184893065e+00 3.319333342e+00 2.025992907e+00 6.256672002e-02
3.094989980e+03 7.206969186e+00 4.077606506e+00 3.186767373e+00 3.322337481e+00 1.997416779e+00 5.778713065e-02
3.116633267e+03 7.216022838e+00 4.094089260e+00 3.188501265e+00 3.325185913e+00 1.969193468e+00 5.337004882e-02
3.138276553e+03 7.224986797e+00 4.110399594e+00 3.190105182e+00 3.327890198e+00 1.941319964e+00 4.928832523e-02
3.159919840e+03 7.233861224e+00 4.126538794e+00 3.191588811e+00 3.330461065e+00 1.913793246e+00 4.551679571e-02
3.181563126e+03 7.242646306e+00 4.142508151e+00 3.192961140e+00 3.332908470e+00 1.886610282e+00 4.203214291e-02
3.203206413e+03 7.251342251e+00 4.158308965e+00 3.194230497e+00 3.335241645e+00 1.859768031e+00 3.881276816e-02
3.224849699e+03 7.259949288e+00 4.173942539e+00 3.195404607e+00 3.337469148e+00 1.833263446e+00 3.583866856e-02
3.246492986e+03 7.268467667e+00 4.189410183e+00 3.196490620e+00 3.339598913e+00 1.807093472e+00 3.309132376e-02
3.268136273e+03 7.276897660e+00 4.204713211e+00 3.197495165e+00 3.341638289e+00 1.781255049e+00 3.055358705e-02
3.289779559e+03 7.285239554e+00 4.219852942e+00 3.198424390e+00 3.343594087e+00 1.755745112e+00 2.820959146e-02
3.311422846e+03 7.293493659e+00 4.234830700e+00 3.199283954e+00 3.345472605e+00 1.730560596e+00 2.604465411e-02
3.333066132e+03 7.301660301e+00 4.249647810e+00 3.200079149e+00 3.347279689e+00 1.705698431e+00 2.404519147e-02
3.354709419e+03 7.309739823e+00 4.264305604e+00 3.200814845e+00 3.349020743e+00 1.681155547e+00 2.219863420e-02
3.376352705e+03 7.317732586e+00 4.278805415e+00 3.201495497e+00 3.350700749e+00 1.656928872e+00 2.049336042e-02
3.397995992e+03 7.325638967e+00 4.293148579e+00 3.202125324e+00 3.352324353e+00 1.633015339e+00 1.891862349e-02
3.419639279e+03 7.333459357e+00 4.307336436e+00 3.202708173e+00 3.353895828e+00 1.609411880e+00 1.746448475e-02
3.441282565e+03 7.341194165e+00 4.321370325e+00 3.203247613e+00 3.355419137e+00 1.586115429e+00 1.612175566e-02
3.462925852e+03 7.348843812e+00 4.335251588e+00 3.203746935e+00 3.356897937e+00 1.563122925e+00 1.488194131e-02
3.484569138e+03 7.356408733e+00 4.348981570e+00 3.204209192e+00 3.358335615e+00 1.540431314e+00 1.373718965e-02
3.506212425e+03 7.363889376e+00 4.362561615e+00 3.204637207e+00 3.359735302e+00 1.518037542e+00 1.268024352e-02
3.527855711e+03 7.371286203e+00 4.375993067e+00 3.205033590e+00 3.361099894e+00 1.495938565e+00 1.170439597e-02
3.549498998e+03 7.378599688e+00 4.389277273e+00 3.205400752e+00 3.362432065e+00 1.474131346e+00 1.080344829e-02
3.571142285e+03 7.385830314e+00 4.402415577e+00 3.205740920e+00 3.363734287e+00 1.452612853e+00 9.971672835e-03
3.592785571e+03 7.392978580e+00 4.415409325e+00 3.206056151e+00 3.365008847e+00 1.431380066e+00 9.203777645e-03
3.614428858e+03 7.400044990e+00 4.428259861e+00 3.206348350e+00 3.366257855e+00 1.410429971e+00 8.494873450e-03
3.636072144e+03 7.407030062e+00 4.440968527e+00 3.206619279e+00 3.367483265e+00 1.389759565e+00 7.840443297e-03
3.657715431e+03 7.413934322e+00 4.453536667e+00 3.206870561e+00 3.368686878e+00 1.369365857e+00 7.236315669e-03
3.679358717e+03 7.420758305e+00 4.465965620e+00 3.207103700e+00 3.369870362e+00 1.349245866e+00 6.678634527e-03
3.701002004e+03 7.427502556e+00 4.478256725e+00 3.207320082e+00 3.371035254e+00 1.329396621e+00 6.163839371e-03
3.722645291e+03 7.434167626e+00 4.490411318e+00 3.207520989e+00 3.372182977e+00 1.309815167e+00 5.688642115e-03
3.744288577e+03 7.440754076e+00 4.502430732e+00 3.207707606e+00 3.373314846e+00 1.290498559e+00 5.250003092e-03
3.765931864e+03 7.447262473e+00 4.514316300e+00 3.207881029e+00 3.374432072e+00 1.271443866e+00 4.845117914e-03
3.787575150e+03 7.453693390e+00 4.526069348e+00 3.208042266e+00 3.375535776e+00 1.252648173e+00 4.471396004e-03
3.809218437e+03 7.460047409e+00 4.537691202e+00 3.208192252e+00 3.376626994e+00 1.234108577e+00 4.126443965e-03
3.830861723e+03 7.466325117e+00 4.549183182e+00 3.208331850e+00 3.377706680e+00 1.215822192e+00 3.808052919e-03
3.852505010e+03 7.472527104e+00 4.560546607e+00 3.208461854e+00 3.378775717e+00 1.197786147e+00 3.514183164e-03
3.874148297e+03 7.478653969e+00 4.571782788e+00 3.208583001e+00 3.379834921e+00 1.179997585e+00 3.242949199e-03
3.895791583e+03 7.484706314e+00 4.582893037e+00 3.208695971e+00 3.380885044e+00 1.162453668e+00 2.992612730e-03
3.917434870e+03 7.490684747e+00 4.593878656e+00 3.208801391e+00 3.381926782e+00 1.145151574e+00 2.761565227e-03
3.939078156e+03 7.496589877e+00 4.604740946e+00 3.208899840e+00 3.382960776e+00 1.128088497e+00 2.548324430e-03
3.960721443e+03 7.502422320e+00 4.615481201e+00 3.208991854e+00 3.383987618e+00 1.111261650e+00 2.351520349e-03
3.982364729e+03 7.508182695e+00 4.626100711e+00 3.209077926e+00 3.385007857e+00 1.094668264e+00 2.169888271e-03
4.004008016e+03 7.513871623e+00 4.636600761e+00 3.209158513e+00 3.386021996e+00 1.078305587e+00 2.002261807e-03
4.025651303e+03 7.519489728e+00 4.646982629e+00 3.209234037e+00 3.387030504e+00 1.062170886e+00 1.847562126e-03
4.047294589e+03 7.525037637e+00 4.657247587e+00 3.209304885e+00 3.388033808e+00 1.046261447e+00 1.704795048e-03
4.068937876e+03 7.530515980e+00 4.667396903e+00 3.209371417e+00 3.389032308e+00 1.030574576e+00 1.573041938e-03
4.090581162e+03 7.535925387e+00 4.677431838e+00 3.209433967e+00 3.390026371e+00 1.015107597e+00 1.451454618e-03
4.112224449e+03 7.541266490e+00 4.687353645e+00 3.209492838e+00 3.391016335e+00 9.998578540e-01 1.339250395e-03
4.133867735e+03 7.546539925e+00 4.697163573e+00 3.209548311e+00 3.392002511e+00 9.848227116e-01 1.235705723e-03
4.155511022e+03 7.551746325e+00 4.706862863e+00 3.209600651e+00 3.392985191e+00 9.699995540e-01 1.140154114e-03
4.177154309e+03 7.556886328e+00 4.716452749e+00 3.209650108e+00 3.393964645e+00 9.553857858e-01 1.051978500e-03
4.198797595e+03 7.561960569e+00 4.725934459e+00 3.209696892e+00 3.394941113e+00 9.409788321e-01 9.706115464e-04
4.220440882e+03 7.566969685e+00 4.735309212e+00 3.209741202e+00 3.395914819e+00 9.267761389e-01 8.955271396e-04
4.242084168e+03 7.571914313e+00 4.744578223e+00 3.209783235e+00 3.396885975e+00 9.127751729e-01 8.262422059e-04
4.263727455e+03 7.576795091e+00 4.753742696e+00 3.209823167e+00 3.397854777e+00 8.989734219e-01 7.623086678e-04
4.285370741e+03 7.581612654e+00 4.762803830e+00 3.209861161e+00 3.398821403e+00 8.853683949e-01 7.033148968e-04
4.307014028e+03 7.586367639e+00 4.771762814e+00 3.209897373e+00 3.399786023e+00 8.719576222e-01 6.488792272e-04
4.328657315e+03 7.591060680e+00 4.780620832e+00 3.209931933e+00 3.400748783e+00 8.587386555e-01 5.986512492e-04
4.350300601e+03 7.595692413e+00 4.789379058e+00 3.209964970e+00 3.401709824e+00 8.457090680e-01 5.523046082e-04
4.371943888e+03 7.600263469e+00 4.798038659e+00 3.209996600e+00 3.402669277e+00 8.328664546e-01 5.095416957e-04
4.393587174e+03 7.604774481e+00 4.806600794e+00 3.210026926e+00 3.403627258e+00 8.202084320e-01 4.700840979e-04
4.415230461e+03 7.609226079e+00 4.815066613e+00 3.210056052e+00 3.404583880e+00 8.077326384e-01 4.336774830e-04
4.436873747e+03 7.613618890e+00 4.823437257e+00 3.210084072e+00 3.405539244e+00 7.954367342e-01 4.000860482e-04
4.458517034e+03 7.617953543e+00 4.831713862e+00 3.210111073e+00 3.406493447e+00 7.833184013e-01 3.690921147e-04
4.480160321e+03 7.622230661e+00 4.839897551e+00 3.210137130e+00 3.407446574e+00 7.713753440e-01 3.404957517e-04
4.501803607e+03 7.626450867e+00 4.847989443e+00 3.210162320e+00 3.408398705e+00 7.596052881e-01 3.141111442e-04
4.523446894e+03 7.630614781e+00 4.855990644e+00 3.210186706e+00 3.409349914e+00 7.480059818e-01 2.897682844e-04
4.545090180e+03 7.634723020e+00 4.863902254e+00 3.210210350e+00 3.410300269e+00 7.365751950e-01 2.673086822e-04
4.566733467e+03 7.638776200e+00 4.871725365e+00 3.210233310e+00 3.411249832e+00 7.253107198e-01 2.465877096e-04
4.588376754e+03 7.642774933e+00 4.879461057e+00 3.210255638e+00 3.412198662e+00 7.142103702e-01 2.274701855e-04
4.610020040e+03 7.646719828e+00 4.887110405e+00 3.210277382e+00 3.413146813e+00 7.032719823e-01 2.098334273e-04
4.631663327e+03 7.650611491e+00 4.894674472e+00 3.210298590e+00 3.414094333e+00 6.924934141e-01 1.935622713e-04
4.653306613e+03 7.654450527e+00 4.902154312e+00 3.210319301e+00 3.415041270e+00 6.818725457e-01 1.785506968e-04
4.674949900e+03 7.658237535e+00 4.909550974e+00 3.210339553e+00 3.415987665e+00 6.714072790e-01 1.647024987e-04
4.696593186e+03 7.661973112e+00 4.916865492e+00 3.210359383e+00 3.416933556e+00 6.610955378e-01 1.519263533e-04
4.718236473e+03 7.665657852e+00 4.924098897e+00 3.210378822e+00 3.417878980e+00 6.509352678e-01 1.401399339e-04
4.739879760e+03 7.669292344e+00 4.931252206e+00 3.210397903e+00 3.418823970e+00 6.409244364e-01 1.292667716e-04
4.761523046e+03 7.672877176e+00 4.938326429e+00 3.210416653e+00 3.419768558e+00 6.310610329e-01 1.192353730e-04
4.783166333e+03 7.676412928e+00 4.945322568e+00 3.210435095e+00 3.420712770e+00 6.213430681e-01 1.099816863e-04
4.804809619e+03 7.679900182e+00 4.952241613e+00 3.210453250e+00 3.421656631e+00 6.117685744e-01 1.014448458e-04
4.826452906e+03 7.683339511e+00 4.959084547e+00 3.210471142e+00 3.422600165e+00 6.023356058e-01 9.356945903e-05
4.848096192e+03 7.686731487e+00 4.965852344e+00 3.210488797e+00 3.423543399e+00 5.930422378e-01 8.630475102e-05
4.869739479e+03 7.690076677e+00 4.972545967e+00 3.210506238e+00 3.424486353e+00 5.838865670e-01 7.960292315e-05
4.891382766e+03 7.693375645e+00 4.979166371e+00 3.210523471e+00 3.425429042e+00 5.748667114e-01 7.342101966e-05
4.913026052e+03 7.696628949e+00 4.985714502e+00 3.210540508e+00 3.426371482e+00 5.659808102e-01 6.771843953e-05
4.934669339e+03 7.699837144e+00 4.992191296e+00 3.210557362e+00 3.427313687e+00 5.572270238e-01 6.245790695e-05
4.956312625e+03 7.703000782e+00 4.998597679e+00 3.210574056e+00 3.428255678e+00 5.486035331e-01 5.760568074e-05
4.977955912e+03 7.706120409e+00 5.004934571e+00 3.210590602e+00 3.429197467e+00 5.401085403e-01 5.312967222e-05
4.999599198e+03 7.709196566e+00 5.011202880e+00 3.210607011e+00 3.430139067e+00 5.317402682e-01 4.900097818e-05
5.021242485e+03 7.712229792e+00 5.017403506e+00 3.210623293e+00 3.431080489e+00 5.234969601e-01 4.519273523e-05
5.042885772e+03 7.715220621e+00 5.023537339e+00 3.210639460e+00 3.432021746e+00 5.153768800e-01 4.167986446e-05
5.064529058e+03 7.718169581e+00 5.029605260e+00 3.210655521e+00 3.432962846e+00 5.073783120e-01 3.843982142e-05
5.086172345e+03 7.721077197e+00 5.035608141e+00 3.210671483e+00 3.433903798e+00 4.994995607e-01 3.545120909e-05
5.107815631e+03 7.723943988e+00 5.041546847e+00 3.210687354e+00 3.434844612e+00 4.917389508e-01 3.269473840e-05
5.129458918e+03 7.726770472e+00 5.047422230e+00 3.210703140e+00 3.435785294e+00 4.840948267e-01 3.015264799e-05
5.151102204e+03 7.729557158e+00 5.053235136e+00 3.210718844e+00 3.436725849e+00 4.765655530e-01 2.780794471e-05
5.172745491e+03 7.732304553e+00 5.058986400e+00 3.210734470e+00 3.437666284e+00 4.691495140e-01 2.564503163e-05
5.194388778e+03 7.735013159e+00 5.064676851e+00 3.210750031e+00 3.438606608e+00 4.618451131e-01 2.365078858e-05
5.216032064e+03 7.737683474e+00 5.070307305e+00 3.210765530e+00 3.439546825e+00 4.546507738e-01 2.181148708e-05
5.237675351e+03 7.740315989e+00 5.075878572e+00 3.210780971e+00 3.440486942e+00 4.475649386e-01 2.011472560e-05
5.259318637e+03 7.742911194e+00 5.081391452e+00 3.210796360e+00 3.441426962e+00 4.405860690e-01 1.854987201e-05
5.280961924e+03 7.745469571e+00 5.086846737e+00 3.210811699e+00 3.442366890e+00 4.337126455e-01 1.710688227e-05
5.302605210e+03 7.747991599e+00 5.092245209e+00 3.210826994e+00 3.443306731e+00 4.269431678e-01 1.577583023e-05
5.324248497e+03 7.750477753e+00 5.097587642e+00 3.210842249e+00 3.444246489e+00 4.202761540e-01 1.454786726e-05
5.345891784e+03 7.752928501e+00 5.102874801e+00 3.210857465e+00 3.445186165e+00 4.137101406e-01 1.341565907e-05
5.367535070e+03 7.755344309e+00 5.108107443e+00 3.210872645e+00 3.446125764e+00 4.072436828e-01 1.237137347e-05
5.389178357e+03 7.757725637e+00 5.113286316e+00 3.210887790e+00 3.447065288e+00 4.008753540e-01 1.140803666e-05
5.410821643e+03 7.760072939e+00 5.118412158e+00 3.210902905e+00 3.448004741e+00 3.946037453e-01 1.051965854e-05
5.432464930e+03 7.762386668e+00 5.123485700e+00 3.210917992e+00 3.448944124e+00 3.884274660e-01 9.700428363e-06
5.454108216e+03 7.764667269e+00 5.128507666e+00 3.210933053e+00 3.449883440e+00 3.823451434e-01 8.944831529e-06
5.475751503e+03 7.766915184e+00 5.133478768e+00 3.210948089e+00 3.450822691e+00 3.763554218e-01 8.247918906e-06
5.497394790e+03 7.769130850e+00 5.138399713e+00 3.210963103e+00 3.451761880e+00 3.704569634e-01 7.605393664e-06
5.519038076e+03 7.771314698e+00 5.143271196e+00 3.210978096e+00 3.452701007e+00 3.646484476e-01 7.012847286e-06
5.540681363e+03 7.773467157e+00 5.148093908e+00 3.210993070e+00 3.453640076e+00 3.589285707e-01 6.466278573e-06
5.562324649e+03 7.775588650e+00 5.152868529e+00 3.211008026e+00 3.454579086e+00 3.532960461e-01 5.962644302e-06
5.583967936e+03 7.777679595e+00 5.157595732e+00 3.211022965e+00 3.455518040e+00 3.477496039e-01 5.498407037e-06
5.605611222e+03 7.779740406e+00 5.162276180e+00 3.211037889e+00 3.456456939e+00 3.422879911e-01 5.070343887e-06
5.627254509e+03 7.781771492e+00 5.166910531e+00 3.211052800e+00 3.457395785e+00 3.369099710e-01 4.675436711e-06
5.648897796e+03 7.783773258e+00 5.171499433e+00 3.211067698e+00 3.458334577e+00 3.316143230e-01 4.311190948e-06
5.670541082e+03 7.785746105e+00 5.176043526e+00 3.211082582e+00 3.459273318e+00 3.263998428e-01 3.975847234e-06
5.692184369e+03 7.787690428e+00 5.180543444e+00 3.211097456e+00 3.460212009e+00 3.212653421e-01 3.666645105e-06
5.713827655e+03 7.789606619e+00 5.184999811e+00 3.211112319e+00 3.461150649e+00 3.162096485e-01 3.381378083e-06
5.735470942e+03 7.791495064e+00 5.189413243e+00 3.211127172e+00 3.462089240e+00 3.112316051e-01 3.117916154e-06
5.757114228e+03 7.793356146e+00 5.193784352e+00 3.211142016e+00 3.463027784e+00 3.063300705e-01 2.875276059e-06
5.778757515e+03 7.795190242e+00 5.198113739e+00 3.211156851e+00 3.463966279e+00 3.015039186e-01 2.651633679e-06
5.800400802e+03 7.796997727e+00 5.202401997e+00 3.211171678e+00 3.464904728e+00 2.967520385e-01 2.445311601e-06
5.822044088e+03 7.798778970e+00 5.206649715e+00 3.211186499e+00 3.465843130e+00 2.920733343e-01 2.254844601e-06
5.843687375e+03 7.800534335e+00 5.210857471e+00 3.211201312e+00 3.466781487e+00 2.874667250e-01 2.079013471e-06
5.865330661e+03 7.802264183e+00 5.215025838e+00 3.211216119e+00 3.467719799e+00 2.829311441e-01 1.917064856e-06
5.886973948e+03 7.803968871e+00 5.219155381e+00 3.211230920e+00 3.468658065e+00 2.784655398e-01 1.767677225e-06
5.908617234e+03 7.805648750e+00 5.223246657e+00 3.211245715e+00 3.469596287e+00 2.740688744e-01 1.629847887e-06
5.930260521e+03 7.807304168e+00 5.227300217e+00 3.211260505e+00 3.470534466e+00 2.697401247e-01 1.502631703e-06
5.951903808e+03 7.808935470e+00 5.231316605e+00 3.211275290e+00 3.471472601e+00 2.654782814e-01 1.385372511e-06
5.973547094e+03 7.810542994e+00 5.235296356e+00 3.211290071e+00 3.472410692e+00 2.612823490e-01 1.277286802e-06
5.995190381e+03 7.812127076e+00 5.239240001e+00 3.211304847e+00 3.473348740e+00 2.571513458e-01 1.177614931e-06
6.016833667e+03 7.813688048e+00 5.243148062e+00 3.211319619e+00 3.474286746e+00 2.530843036e-01 1.085676585e-06
6.038476954e+03 7.815226235e+00 5.247021054e+00 3.211334388e+00 3.475224709e+00 2.490802677e-01 1.000873753e-06
6.060120240e+03 7.816741962e+00 5.250859488e+00 3.211349152e+00 3.476162630e+00 2.451382967e-01 9.228010879e-07
6.081763527e+03 7.818235548e+00 5.254663864e+00 3.211363913e+00 3.477100509e+00 2.412574621e-01 8.508359291e-07
6.103406814e+03 7.819707307e+00 5.258434680e+00 3.211378671e+00 3.478038346e+00 2.374368484e-01 7.844706548e-07
6.125050100e+03 7.821157552e+00 5.262172424e+00 3.211393426e+00 3.478976142e+00 2.336755530e-01 7.232129710e-07
6.146693387e+03 7.822586588e+00 5.265877579e+00 3.211408178e+00 3.479913896e+00 2.299726860e-01 6.669412930e-07
6.168336673e+03 7.823994721e+00 5.269550622e+00 3.211422927e+00 3.480851609e+00 2.263273701e-01 6.152367257e-07
6.189979960e+03 7.825382248e+00 5.273192021e+00 3.211437674e+00 3.481789280e+00 2.227387397e-01 5.676303072e-07
6.211623246e+03 7.826749467e+00 5.276802242e+00 3.211452418e+00 3.482726911e+00 2.192059419e-01 5.237504521e-07
6.233266533e+03 7.828096668e+00 5.280381741e+00 3.211467159e+00 3.483664501e+00 2.157281355e-01 4.832254460e-07
6.254909820e+03 7.829424140e+00 5.283930969e+00 3.211481899e+00 3.484602050e+00 2.123044914e-01 4.456776043e-07
6.276553106e+03 7.830732168e+00 5.287450372e+00 3.211496636e+00 3.485539559e+00 2.089341928e-01 4.112143247e-07
6.298196393e+03 7.832021032e+00 5.290940390e+00 3.211511371e+00 3.486477027e+00 2.056164342e-01 3.796813725e-07
6.319839679e+03 7.833291010e+00 5.294401455e+00 3.211526104e+00 3.487414454e+00 2.023504209e-01 3.506228172e-07
6.341482966e+03 7.834542375e+00 5.297833995e+00 3.211540836e+00 3.488351842e+00 1.991353699e-01 3.237945514e-07
6.363126253e+03 7.835775398e+00 5.301238431e+00 3.211555565e+00 3.489289189e+00 1.959705091e-01 2.989514848e-07
6.384769539e+03 7.836990344e+00 5.304615179e+00 3.211570293e+00 3.490226496e+00 1.928550777e-01 2.758440057e-07
6.406412826e+03 7.838187476e+00 5.307964650e+00 3.211585019e+00 3.491163763e+00 1.897883265e-01 2.545293032e-07
6.428056112e+03 7.839367055e+00 5.311287247e+00 3.211599743e+00 3.492100990e+00 1.867695170e-01 2.350466045e-07
6.449699399e+03 7.840529336e+00 5.314583369e+00 3.211614466e+00 3.493038177e+00 1.837979202e-01 2.170475229e-07
6.471342685e+03 7.841674573e+00 5.317853411e+00 3.211629187e+00 3.493975324e+00 1.808728177e-01 2.003979266e-07
6.492985972e+03 7.842803013e+00 5.321097759e+00 3.211643907e+00 3.494912431e+00 1.779935020e-01 1.849684862e-07
6.514629259e+03 7.843914903e+00 5.324316798e+00 3.211658625e+00 3.495849498e+00 1.751592753e-01 1.706329700e-07
6.536272545e+03 7.845010487e+00 5.327510903e+00 3.211673342e+00 3.496786526e+00 1.723694509e-01 1.573564798e-07
6.557915832e+03 7.846090003e+00 5.330680446e+00 3.211688057e+00 3.497723513e+00 1.696233526e-01 1.451670233e-07
6.579559118e+03 7.847153687e+00 5.333825796e+00 3.211702771e+00 3.498660461e+00 1.669203118e-01 1.338982346e-07
6.601202405e+03 7.848201774e+00 5.336947313e+00 3.211717484e+00 3.499597370e+00 1.642596707e-01 1.234816622e-07
6.622845691e+03 7.849234491e+00 5.340045354e+00 3.211732195e+00 3.500534239e+00 1.616407809e-01 1.138535064e-07
6.644488978e+03 7.850252067e+00 5.343120270e+00 3.211746905e+00 3.501471068e+00 1.590630034e-01 1.049536029e-07
6.666132265e+03 7.851254725e+00 5.346172410e+00 3.211761614e+00 3.502407857e+00 1.565257090e-01 9.673522518e-08
6.687775551e+03 7.852242686e+00 5.349202113e+00 3.211776321e+00 3.503344607e+00 1.540282789e-01 8.917443415e-08
6.709418838e+03 7.853216166e+00 5.352209717e+00 3.211791028e+00 3.504281318e+00 1.515701009e-01 8.220681242e-08
6.731062124e+03 7.854175382e+00 5.355195554e+00 3.211805733e+00 3.505217988e+00 1.491505726e-01 7.578705933e-08
6.752705411e+03 7.855120544e+00 5.358159952e+00 3.211820436e+00 3.506154620e+00 1.467691006e-01 6.987013715e-08
6.774348697e+03 7.856051861e+00 5.361103234e+00 3.211835139e+00 3.507091212e+00 1.444251000e-01 6.441037241e-08
6.795991984e+03 7.856969539e+00 5.364025718e+00 3.211849841e+00 3.508027764e+00 1.421179947e-01 5.937389027e-08
6.817635271e+03 7.857873782e+00 5.366927717e+00 3.211864541e+00 3.508964277e+00 1.398472191e-01 5.478681535e-08
6.839278557e+03 7.858764788e+00 5.369809541e+00 3.211879240e+00 3.509900750e+00 1.376122128e-01 5.057342659e-08
6.860921844e+03 7.859642756e+00 5.372671494e+00 3.211893938e+00 3.510837184e+00 1.354124247e-01 4.669742723e-08
6.882565130e+03 7.860507881e+00 5.375513877e+00 3.211908635e+00 3.511773579e+00 1.332473119e-01 4.312083355e-08
6.904208417e+03 7.861360354e+00 5.378336987e+00 3.211923331e+00 3.512709934e+00 1.311163395e-01 3.980331507e-08
6.925851703e+03 7.862200365e+00 5.381141114e+00 3.211938025e+00 3.513646250e+00 1.290189804e-01 3.670998002e-08
6.947494990e+03 7.863028099e+00 5.383926547e+00 3.211952719e+00 3.514582527e+00 1.269547180e-01 3.393012821e-08
6.969138277e+03 7.863843742e+00 5.386693568e+00 3.211967411e+00 3.515518764e+00 1.249230395e-01 3.136993169e-08
6.990781563e+03 7.864647475e+00 5.389442458e+00 3.211982103e+00 3.516454961e+00 1.229234412e-01 2.900576802e-08
7.012424850e+03 7.865439475e+00 5.392173492e+00 3.211996793e+00 3.517391120e+00 1.209554268e-01 2.681380547e-08
7.034068136e+03 7.866219921e+00 5.394886941e+00 3.212011482e+00 3.518327239e+00 1.190185073e-01 2.476972347e-08
7.055711423e+03 7.866988985e+00 5.397583073e+00 3.212026171e+00 3.519263319e+00 1.171122009e-01 2.284843304e-08
7.077354709e+03 7.867746839e+00 5.400262150e+00 3.212040858e+00 3.520199359e+00 1.152360356e-01 2.110537228e-08
7.098997996e+03 7.868493652e+00 5.402924433e+00 3.212055544e+00 3.521135360e+00 1.133895430e-01 1.949104599e-08
7.120641283e+03 7.869229590e+00 5.405570178e+00 3.212070229e+00 3.522071322e+00 1.115722627e-01 1.799306730e-08
7.142284569e+03 7.869954817e+00 5.408199636e+00 3.212084913e+00 3.523007244e+00 1.097837413e-01 1.660229277e-08
7.163927856e+03 7.870669496e+00 5.410813057e+00 3.212099596e+00 3.523943128e+00 1.080235320e-01 1.531077103e-08
7.185571142e+03 7.871373786e+00 5.413410685e+00 3.212114278e+00 3.524878971e+00 1.062911949e-01 1.411168433e-08
7.207214429e+03 7.872067843e+00 5.415992761e+00 3.212128959e+00 3.525814776e+00 1.045862986e-01 1.299814554e-08
7.228857715e+03 7.872751823e+00 5.418559523e+00 3.212143639e+00 3.526750541e+00 1.029084158e-01 1.196552351e-08
7.250501002e+03 7.873425879e+00 5.421111205e+00 3.212158317e+00 3.527686267e+00 1.012571258e-01 1.100988758e-08
7.272144289e+03 7.874090160e+00 5.423648038e+00 3.212172995e+00 3.528621954e+00 9.963201472e-02 1.012801838e-08
7.293787575e+03 7.874744816e+00 5.426170250e+00 3.212187672e+00 3.529557602e+00 9.803267462e-02 9.317483330e-09
7.315430862e+03 7.875389993e+00 5.428678064e+00 3.212202348e+00 3.530493210e+00 9.645870373e-02 8.576574523e-09
7.337074148e+03 7.876025834e+00 5.431171701e+00 3.212217022e+00 3.531428779e+00 9.490970816e-02 7.891510837e-09
7.358717435e+03 7.876652482e+00 5.433651379e+00 3.212231696e+00 3.532364308e+00 9.338529824e-02 7.259822701e-09
7.380360721e+03 7.877270076e+00 5.436117310e+00 3.212246369e+00 3.533299799e+00 9.188508992e-02 6.680799817e-09
7.402004008e+03 7.877878755e+00 5.438569708e+00 3.212261041e+00 3.534235250e+00 9.040870533e-02 6.150440515e-09
7.423647295e+03 7.878478655e+00 5.441008779e+00 3.212275711e+00 3.535170662e+00 8.895577231e-02 5.664440517e-09
7.445290581e+03 7.879069908e+00 5.443434729e+00 3.212290381e+00 3.536106035e+00 8.752592421e-02 5.218082966e-09
7.466933868e+03 7.879652648e+00 5.445847758e+00 3.212305049e+00 3.537041368e+00 8.611880138e-02 4.813045932e-09
7.488577154e+03 7.880227004e+00 5.448248066e+00 3.212319717e+00 3.537976662e+00 8.473404878e-02 4.446801173e-09
7.510220441e+03 7.880793104e+00 5.450635849e+00 3.212334384e+00 3.538911917e+00 8.337131582e-02 4.112439818e-09
7.531863727e+03 7.881351074e+00 5.453011299e+00 3.212349049e+00 3.539847133e+00 8.203025784e-02 3.805461924e-09
7.553507014e+03 7.881901040e+00 5.455374606e+00 3.212363714e+00 3.540782310e+00 8.071053533e-02 3.520874786e-09
7.575150301e+03 7.882443124e+00 5.457725959e+00 3.212378377e+00 3.541717447e+00 7.941181391e-02 3.253114583e-09
7.596793587e+03 7.882977445e+00 5.460065539e+00 3.212393040e+00 3.542652545e+00 7.813376534e-02 3.007675216e-09
7.618436874e+03 7.883504124e+00 5.462393530e+00 3.212407701e+00 3.543587604e+00 7.687606622e-02 2.788647399e-09
7.640080160e+03 7.884023278e+00 5.464710110e+00 3.212422362e+00 3.544522624e+00 7.563839672e-02 2.586046526e-09
7.661723447e+03 7.884535021e+00 5.467015455e+00 3.212437022e+00 3.545457604e+00 7.442044253e-02 2.397427309e-09
7.683366733e+03 7.885039468e+00 5.469309739e+00 3.212451680e+00 3.546392545e+00 7.322189413e-02 2.220370242e-09
7.705010020e+03 7.885536732e+00 5.471593133e+00 3.212466338e+00 3.547327447e+00 7.204244663e-02 2.052470285e-09
7.726653307e+03 7.886026921e+00 5.473865805e+00 3.212480994e+00 3.548262310e+00 7.088180059e-02 1.894526370e-09
7.748296593e+03 7.886510146e+00 5.476127920e+00 3.212495650e+00 3.549197134e+00 6.973966158e-02 1.749386828e-09
7.769939880e+03 7.886986513e+00 5.478379642e+00 3.212510304e+00 3.550131918e+00 6.861573791e-02 1.613289099e-09
7.791583166e+03 7.887456128e+00 5.480621132e+00 3.212524958e+00 3.551066663e+00 6.750974309e-02 1.485953222e-09
7.813226453e+03 7.887919096e+00 5.482852548e+00 3.212539610e+00 3.552001369e+00 6.642139502e-02 1.367408946e-09
7.834869739e+03 7.888375518e+00 5.485074046e+00 3.212554262e+00 3.552936036e+00 6.535041585e-02 1.258008449e-09
7.856513026e+03 7.888825495e+00 5.487285780e+00 3.212568912e+00 3.553870664e+00 6.429653248e-02 1.156700975e-09
7.878156313e+03 7.889269127e+00 5.489487900e+00 3.212583562e+00 3.554805252e+00 6.325947697e-02 1.059574456e-09
7.899799599e+03 7.889706512e+00 5.491680556e+00 3.212598210e+00 3.555739802e+00 6.223898336e-02 9.694182734e-10
7.921442886e+03 7.890137747e+00 5.493863894e+00 3.212612858e+00 3.556674312e+00 6.123479065e-02 8.863595064e-10
7.943086172e+03 7.890562925e+00 5.496038060e+00 3.212627504e+00 3.557608783e+00 6.024664181e-02 8.106437449e-10
7.964729459e+03 7.890982143e+00 5.498203195e+00 3.212642150e+00 3.558543214e+00 5.927428372e-02 7.426293970e-10
7.986372745e+03 7.891395490e+00 5.500359440e+00 3.212656794e+00 3.559477607e+00 5.831746739e-02 6.819765914e-10
8.008016032e+03 7.891803059e+00 5.502506931e+00 3.212671438e+00 3.560411960e+00 5.737594904e-02 6.248988157e-10
8.029659319e+03 7.892204938e+00 5.504645806e+00 3.212686080e+00 3.561346275e+00 5.644948631e-02 5.733618114e-10
8.051302605e+03 7.892601216e+00 5.506776198e+00 3.212700722e+00 3.562280550e+00 5.553784147e-02 5.269045538e-10
8.072945892e+03 7.892991980e+00 5.508898238e+00 3.212715363e+00 3.563214785e+00 5.464078041e-02 4.849506597e-10
8.094589178e+03 7.893377314e+00 5.511012058e+00 3.212730002e+00 3.564148982e+00 5.375807260e-02 4.467888400e-10
8.116232465e+03 7.893757305e+00 5.513117783e+00 3.212744641e+00 3.565083140e+00 5.288949113e-02 4.117787419e-10
8.137875752e+03 7.894132033e+00 5.515215541e+00 3.212759278e+00 3.566017258e+00 5.203481427e-02 3.821709195e-10
8.159519038e+03 7.894501582e+00 5.517305454e+00 3.212773915e+00 3.566951337e+00 5.119382121e-02 3.557083100e-10
8.181162325e+03 7.894866030e+00 5.519387645e+00 3.212788550e+00 3.567885377e+00 5.036629548e-02 3.317404933e-10
8.202805611e+03 7.895225459e+00 5.521462233e+00 3.212803185e+00 3.568819378e+00 4.955202394e-02 3.095166753e-10
8.224448898e+03 7.895579945e+00 5.523529339e+00 3.212817818e+00 3.569753340e+00 4.875079669e-02 2.881753869e-10
8.246092184e+03 7.895929566e+00 5.525589077e+00 3.212832451e+00 3.570687263e+00 4.796240703e-02 2.667341822e-10
8.267735471e+03 7.896274397e+00 5.527641562e+00 3.212847082e+00 3.571621146e+00 4.718665323e-02 2.491678694e-10
8.289378758e+03 7.896614513e+00 5.529686907e+00 3.212861713e+00 3.572554990e+00 4.642333429e-02 2.327909064e-10
8.311022044e+03 7.896949987e+00 5.531725223e+00 3.212876343e+00 3.573488796e+00 4.567225314e-02 2.172555022e-10
8.332665331e+03 7.897280892e+00 5.533756620e+00 3.212890971e+00 3.574422562e+00 4.493321574e-02 2.023412171e-10
8.354308617e+03 7.897607299e+00 5.535781206e+00 3.212905599e+00 3.575356289e+00 4.420603107e-02 1.878626608e-10
8.375951904e+03 7.897929277e+00 5.537799086e+00 3.212920225e+00 3.576289976e+00 4.349051097e-02 1.736728490e-10
8.397595190e+03 7.898246897e+00 5.539810365e+00 3.212934851e+00 3.577223625e+00 4.278647165e-02 1.600945007e-10
8.419238477e+03 7.898560225e+00 5.541815146e+00 3.212949476e+00 3.578157235e+00 4.209373051e-02 1.470261340e-10
8.440881764e+03 7.898869329e+00 5.543813529e+00 3.212964099e+00 3.579090805e+00 4.141210806e-02 1.345190745e-10
8.462525050e+03 7.899174275e+00 5.545805616e+00 3.212978722e+00 3.580024336e+00 4.074142773e-02 1.227437254e-10
8.484168337e+03 7.899475128e+00 5.547791503e+00 3.212993343e+00 3.580957828e+00 4.008151569e-02 1.119458937e-10
8.505811623e+03 7.899771952e+00 5.549771288e+00 3.213007964e+00 3.581891281e+00 3.943220075e-02 1.024514876e-10
8.527454910e+03 7.900064810e+00 5.551745066e+00 3.213022584e+00 3.582824695e+00 3.879331547e-02 9.298123003e-11
8.549098196e+03 7.900353763e+00 5.553712929e+00 3.213037202e+00 3.583758070e+00 3.816469400e-02 8.379753027e-11
8.570741483e+03 7.900638872e+00 5.555674971e+00 3.213051820e+00 3.584691406e+00 3.754617292e-02 7.537797102e-11
8.592384770e+03 7.900920199e+00 5.557631282e+00 3.213066436e+00 3.585624702e+00 3.693759161e-02 6.781580071e-11
8.614028056e+03 7.901197802e+00 5.559581952e+00 3.213081052e+00 3.586557960e+00 3.633879191e-02 6.121381337e-11
8.635671343e+03 7.901471739e+00 5.561527068e+00 3.213095667e+00 3.587491178e+00 3.574961808e-02 5.568276538e-11
8.657314629e+03 7.901742068e+00 5.563466718e+00 3.213110280e+00 3.588424357e+00 3.516991764e-02 5.077871158e-11
8.678957916e+03 7.902008846e+00 5.565400985e+00 3.213124893e+00 3.589357497e+00 3.459953999e-02 4.636642682e-11
8.700601202e+03 7.902272127e+00 5.567329955e+00 3.213139505e+00 3.590290598e+00 3.403833638e-02 4.259037492e-11
8.722244489e+03 7.902531967e+00 5.569253709e+00 3.213154115e+00 3.591223660e+00 3.348616069e-02 3.933971796e-11
8.743887776e+03 7.902788420e+00 5.571172330e+00 3.213168725e+00 3.592156683e+00 3.294286908e-02 3.646607368e-11
8.765531062e+03 7.903041538e+00 5.573085898e+00 3.213183334e+00 3.593089666e+00 3.240831991e-02 3.377940333e-11
8.787174349e+03 7.903291375e+00 5.574994490e+00 3.213197941e+00 3.594022611e+00 3.188237435e-02 3.156318093e-11
8.808817635e+03 7.903537981e+00 5.576898185e+00 3.213212548e+00 3.594955517e+00 3.136489565e-02 3.000211599e-11
8.830460922e+03 7.903781408e+00 5.578797059e+00 3.213227154e+00 3.595888383e+00 3.085574844e-02 2.866340013e-11
8.852104208e+03 7.904021705e+00 5.580691187e+00 3.213241759e+00 3.596821210e+00 3.035479986e-02 2.741954212e-11
8.873747495e+03 7.904258921e+00 5.582580644e+00 3.213256362e+00 3.597753998e+00 2.986191910e-02 2.612400234e-11
8.895390782e+03 7.904493106e+00 5.584465502e+00 3.213270965e+00 3.598686748e+00 2.937697736e-02 2.461000648e-11
8.917034068e+03 7.904724305e+00 5.586345833e+00 3.213285567e+00 3.599619458e+00 2.889984828e-02 2.306327898e-11
8.938677355e+03 7.904952567e+00 5.588221707e+00 3.213300167e+00 3.600552129e+00 2.843040770e-02 2.186561670e-11
8.960320641e+03 7.905177938e+00 5.590093194e+00 3.213314767e+00 3.601484761e+00 2.796853248e-02 2.063365661e-11
8.981963928e+03 7.905400463e+00 5.591960362e+00 3.213329366e+00 3.602417353e+00 2.751410180e-02 1.935779198e-11
9.003607214e+03 7.905620186e+00 5.593823279e+00 3.213343964e+00 3.603349907e+00 2.706699674e-02 1.804255754e-11
9.025250501e+03 7.905837153e+00 5.595682011e+00 3.213358561e+00 3.604282422e+00 2.662710021e-02 1.670819568e-11
9.046893788e+03 7.906051406e+00 5.597536623e+00 3.213373156e+00 3.605214897e+00 2.619429721e-02 1.534225448e-11
9.068537074e+03 7.906262987e+00 5.599387180e+00 3.213387751e+00 3.606147334e+00 2.576847504e-02 1.386418474e-11
9.090180361e+03 7.906471940e+00 5.601233744e+00 3.213402345e+00 3.607079731e+00 2.534952168e-02 1.238911200e-11
9.111823647e+03 7.906678305e+00 5.603076378e+00 3.213416938e+00 3.608012090e+00 2.493732731e-02 1.096973220e-11
9.133466934e+03 7.906882124e+00 5.604915144e+00 3.213431530e+00 3.608944409e+00 2.453178384e-02 9.674784058e-12
9.155110220e+03 7.907083436e+00 5.606750100e+00 3.213446120e+00 3.609876689e+00 2.413278481e-02 8.590099529e-12
9.176753507e+03 7.907282281e+00 5.608581308e+00 3.213460710e+00 3.610808931e+00 2.374022562e-02 7.717943617e-12
9.198396794e+03 7.907478698e+00 5.610408825e+00 3.213475299e+00 3.611741133e+00 2.335400396e-02 6.657856112e-12
9.220040080e+03 7.907672724e+00 5.612232708e+00 3.213489887e+00 3.612673296e+00 2.297401796e-02 5.709477359e-12
9.241683367e+03 7.907864399e+00 5.614053014e+00 3.213504474e+00 3.613605420e+00 2.260016781e-02 4.889988681e-12
9.263326653e+03 7.908053758e+00 5.615869799e+00 3.213519060e+00 3.614537505e+00 2.223235526e-02 4.214659590e-12
9.284969940e+03 7.908240839e+00 5.617683118e+00 3.213533645e+00 3.615469551e+00 2.187048357e-02 3.696216422e-12
9.306613226e+03 7.908425677e+00 5.619493025e+00 3.213548228e+00 3.616401558e+00 2.151445760e-02 3.337145836e-12
9.328256513e+03 7.908608308e+00 5.621299573e+00 3.213562811e+00 3.617333526e+00 2.116418447e-02 3.049210288e-12
9.349899800e+03 7.908788767e+00 5.623102813e+00 3.213577393e+00 3.618265455e+00 2.081957157e-02 2.862899091e-12
9.371543086e+03 7.908967088e+00 5.624902798e+00 3.213591974e+00 3.619197344e+00 2.048052821e-02 2.751518798e-12
9.393186373e+03 7.909143304e+00 5.626699578e+00 3.213606554e+00 3.620129195e+00 2.014696510e-02 2.678867561e-12
9.414829659e+03 7.909317450e+00 5.628493204e+00 3.213621133e+00 3.621061007e+00 1.981879434e-02 2.598337689e-12
9.436472946e+03 7.909489557e+00 5.630283723e+00 3.213635711e+00 3.621992780e+00 1.949592940e-02 2.452018203e-12
9.458116232e+03 7.909659658e+00 5.632071184e+00 3.213650288e+00 3.622924513e+00 1.917828597e-02 2.502714824e-12
9.479759519e+03 7.909827785e+00 5.633855635e+00 3.213664864e+00 3.623856208e+00 1.886577990e-02 2.570034653e-12
9.501402806e+03 7.909993969e+00 5.635637123e+00 3.213679439e+00 3.624787864e+00 1.855832878e-02 2.627284663e-12
9.523046092e+03 7.910158240e+00 5.637415693e+00 3.213694013e+00 3.625719480e+00 1.825585147e-02 2.649856718e-12
9.544689379e+03 7.910320629e+00 5.639191392e+00 3.213708586e+00 3.626651058e+00 1.795826812e-02 2.610804425e-12
9.566332665e+03 7.910481166e+00 5.640964262e+00 3.213723158e+00 3.627582596e+00 1.766550011e-02 2.480830561e-12
9.587975952e+03 7.910639880e+00 5.642734350e+00 3.213737729e+00 3.628514096e+00 1.737747075e-02 2.385725756e-12
9.609619238e+03 7.910796799e+00 5.644501696e+00 3.213752299e+00 3.629445556e+00 1.709410374e-02 2.274069442e-12
9.631262525e+03 7.910951953e+00 5.646266345e+00 3.213766868e+00 3.630376978e+00 1.681532414e-02 2.133311815e-12
9.652905812e+03 7.911105369e+00 5.648028337e+00 3.213781436e+00 3.631308360e+00 1.654105827e-02 1.972070634e-12
9.674549098e+03 7.911257075e+00 5.649787715e+00 3.213796003e+00 3.632239704e+00 1.627123357e-02 1.803912158e-12
9.696192385e+03 7.911407098e+00 5.651544518e+00 3.213810569e+00 3.633171008e+00 1.600577864e-02 1.647826378e-12
9.717835671e+03 7.911555464e+00 5.653298786e+00 3.213825134e+00 3.634102274e+00 1.574462370e-02 1.443363959e-12
9.739478958e+03 7.911702200e+00 5.655050559e+00 3.213839698e+00 3.635033500e+00 1.548769960e-02 1.211311013e-12
9.761122244e+03 7.911847331e+00 5.656799875e+00 3.213854261e+00 3.635964688e+00 1.523493822e-02 9.833807518e-13
9.782765531e+03 7.911990883e+00 5.658546773e+00 3.213868824e+00 3.636895836e+00 1.498627261e-02 7.750396704e-13
9.804408818e+03 7.912132882e+00 5.660291289e+00 3.213883385e+00 3.637826946e+00 1.474163689e-02 6.048600002e-13
9.826052104e+03 7.912273351e+00 5.662033461e+00 3.213897945e+00 3.638758016e+00 1.450096619e-02 4.946816252e-13
9.847695391e+03 7.912412315e+00 5.663773325e+00 3.213912504e+00 3.639689048e+00 1.426419707e-02 3.837050469e-13
9.869338677e+03 7.912549798e+00 5.665510916e+00 3.213927062e+00 3.640620040e+00 1.403126684e-02 2.634510394e-13
9.890981964e+03 7.912685823e+00 5.667246269e+00 3.213941619e+00 3.641550993e+00 1.380211357e-02 1.688127470e-13
9.912625251e+03 7.912820413e+00 5.668979419e+00 3.213956176e+00 3.642481908e+00 1.357667647e-02 1.003259691e-13
9.934268537e+03 7.912953592e+00 5.670710401e+00 3.213970731e+00 3.643412784e+00 1.335489571e-02 5.691303910e-14
9.955911824e+03 7.913085381e+00 5.672439247e+00 3.213985285e+00 3.644343620e+00 1.313671239e-02 3.566208661e-14
9.977555110e+03 7.913215803e+00 5.674165990e+00 3.213999838e+00 3.645274418e+00 1.292206881e-02 3.926910744e-14
9.999198397e+03 7.913344879e+00 5.675890662e+00 3.214014390e+00 3.646205176e+00 1.271090813e-02 6.716129668e-14
1.002084168e+04 7.913472631e+00 5.677613297e+00 3.214028942e+00 3.647135896e+00 1.250317410e-02 1.083132607e-13
1.004248497e+04 7.913599080e+00 5.679333924e+00 3.214043492e+00 3.648066577e+00 1.229881151e-02 1.541984985e-13
1.006412826e+04 7.913724246e+00 5.681052575e+00 3.214058041e+00 3.648997218e+00 1.209776603e-02 1.939798090e-13
1.008577154e+04 7.913848150e+00 5.682769281e+00 3.214072590e+00 3.649927821e+00 1.189998417e-02 2.143310417e-13
1.010741483e+04 7.913970812e+00 5.684484070e+00 3.214087137e+00 3.650858385e+00 1.170541353e-02 2.402778606e-13
1.012905812e+04 7.914092251e+00 5.686196973e+00 3.214101683e+00 3.651788909e+00 1.151400266e-02 3.094760968e-13
1.015070140e+04 7.914212488e+00 5.687908018e+00 3.214116229e+00 3.652719395e+00 1.132570035e-02 3.776704556e-13
1.017234469e+04 7.914331540e+00 5.689617234e+00 3.214130773e+00 3.653649842e+00 1.114045649e-02 4.402628928e-13
1.019398798e+04 7.914449428e+00 5.691324650e+00 3.214145316e+00 3.654580250e+00 1.095822173e-02 4.922279277e-13
1.021563126e+04 7.914566169e+00 5.693030291e+00 3.214159859e+00 3.655510619e+00 1.077894750e-02 5.281154548e-13
1.023727455e+04 7.914681781e+00 5.694734187e+00 3.214174400e+00 3.656440949e+00 1.060258598e-02 5.420535562e-13
1.025891784e+04 7.914796284e+00 5.696436363e+00 3.214188940e+00 3.657371240e+00 1.042909049e-02 5.472590742e-13
1.028056112e+04 7.914909693e+00 5.698136846e+00 3.214203480e+00 3.658301492e+00 1.025841504e-02 5.563448187e-13
1.030220441e+04 7.915022028e+00 5.699835661e+00 3.214218018e+00 3.659231705e+00 1.009051385e-02 5.545733951e-13
1.032384770e+04 7.915133304e+00 5.701532834e+00 3.214232556e+00 3.660161879e+00 9.925342098e-03 5.428582496e-13
1.034549098e+04 7.915243538e+00 5.703228390e+00 3.214247092e+00 3.661092014e+00 9.762855709e-03 5.229175640e-13
1.036713427e+04 7.915352748e+00 5.704922354e+00 3.214261628e+00 3.662022111e+00 9.603011271e-03 4.973511385e-13
1.038877756e+04 7.915460950e+00 5.706614750e+00 3.214276162e+00 3.662952168e+00 9.445766049e-03 4.697172747e-13
1.041042084e+04 7.915568159e+00 5.708305603e+00 3.214290696e+00 3.663882187e+00 9.291078438e-03 4.313523137e-13
1.043206413e+04 7.915674391e+00 5.709994934e+00 3.214305228e+00 3.664812166e+00 9.138907332e-03 3.788305034e-13
1.045370741e+04 7.915779663e+00 5.711682768e+00 3.214319760e+00 3.665742107e+00 8.989211796e-03 3.226141568e-13
1.047535070e+04 7.915883988e+00 5.713369127e+00 3.214334290e+00 3.666672008e+00 8.841951821e-03 2.658067922e-13
1.049699399e+04 7.915987383e+00 5.715054033e+00 3.214348820e+00 3.667601871e+00 8.697088024e-03 2.121321118e-13
1.051863727e+04 7.916089861e+00 5.716737510e+00 3.214363348e+00 3.668531695e+00 8.554581636e-03 1.659668975e-13
1.054028056e+04 7.916191439e+00 5.718419577e+00 3.214377876e+00 3.669461479e+00 8.414394490e-03 1.323739067e-13
1.056192385e+04 7.916292129e+00 5.720100258e+00 3.214392403e+00 3.670391225e+00 8.276489469e-03 9.580205345e-14
1.058356713e+04 7.916391947e+00 5.721779572e+00 3.214406928e+00 3.671320932e+00 8.140829776e-03 5.324776515e-14
1.060521042e+04 7.916490905e+00 5.723457540e+00 3.214421453e+00 3.672250600e+00 8.007378897e-03 1.568942886e-14
1.062685371e+04 7.916589019e+00 5.725134183e+00 3.214435977e+00 3.673180230e+00 7.876101103e-03 -1.599912166e-14
1.064849699e+04 7.916686300e+00 5.726809520e+00 3.214450499e+00 3.674109820e+00 7.746961228e-03 -4.112639284e-14
1.067014028e+04 7.916782763e+00 5.728483572e+00 3.214465021e+00 3.675039371e+00 7.619924655e-03 -5.921296022e-14
1.069178357e+04 7.916878420e+00 5.730156357e+00 3.214479542e+00 3.675968884e+00 7.494957307e-03 -7.002119743e-14
1.071342685e+04 7.916973285e+00 5.731827895e+00 3.214494061e+00 3.676898357e+00 7.372026053e-03 -7.475427683e-14
1.073507014e+04 7.917067370e+00 5.733498205e+00 3.214508580e+00 3.677827792e+00 7.251097964e-03 -7.403835242e-14
1.075671343e+04 7.917160687e+00 5.735167304e+00 3.214523098e+00 3.678757187e+00 7.132140475e-03 -6.843258996e-14
1.077835671e+04 7.917253248e+00 5.736835211e+00 3.214537615e+00 3.679686544e+00 7.015121681e-03 -5.932258836e-14
1.080000000e+04 7.917345066e+00 5.738501944e+00 3.214552130e+00 3.680615862e+00 6.900010180e-03 -4.853517085e-14
